8
8
8
8
8
8
8
8
8
8
8
8
8
8
8
8
100
000
8
8
2
2
8
8
8
8
21
8
60
8
é
é
é
8
8
8
8
8
8
8
8
é
é
8
8
8
8
8
8
8
8
8
8
8
8
8
8
8
8
8
8
8
8
60
8
8
8
8
8
8
60
8
1960
82
8
8
8
8
8
8
8
8
8
8
8
8
8
8
8
8
8
8
8
100
000
8
8
ö
8
8
8
8
8
8
8
8
8
ö
8
8
8
8
8
8
8
8
8
8
8
8
8
8
8
8
8
8
8
8
8
8
8
10
8
8
8
8
8
8
8
8
30
8
8
8
8
8
8
8
8
8
8
8
8
8
8
8
8
8
8
17
8
8
8
8
8
8
8
8
8
8
8
8
8
8
8
8
8
8
8
8
8
100
000
8
8
8
8
8
8
8
8
8
8
8
8
8
8
8
8
8
8
100
8
8
8
8
8
8
8
8
8
8
8
8
8
8
8
8
8
8
8
8
8
8
8
8
8
8
8
8
8
8
8
8
32
8
22
8
8
8
8
8
8
8
8
8
8
8
8
8
8
8
8
8
8
8
8
8
8
8
8
8
8
8
8
8
8
100
000
8
8
8
8
8
8
8
20
8
8
8
8
8
8
8
8
8
8
8
8
8
8
8
8
8
8
8
8
8
8
8
8
8
8
8
8
20
8
8
8
8
8
8
8
é
8
8
é
8
8
éà
8
8
8
8
8
8
8
8
8
8
8
8
8
8
8
8
8
8
100
000
8
8
100
8
8
8
8
8
8
8
8
8
8
8
8
8
8
8
8
8
8
8
8
8
8
8
8
8
8
8
8
8
8
8
8
8
8
8
8
8
8
8
8
8
8
8
8
3
3
8
8
3
3
8
8
3
8
8
2
000
8
18
19
é
16
12
8
8
8
8
8
8
8
8
8
8
8
8
8
8
8
8
100
000
8
8
8
8
8
8
8
8
8
8
80
80
92
8
8
2013
é
14
15
8
8
8
8
8
8
8
22
é
100
8
8
8
8
8
8
8
8
8
8
8
8
8
é
17
8
8
8
8
8
8
8
8
8
8
8
8
8
8
8
8
8
8
8
8
8
8
8
100
000
8
8
8
8
8
8
8
8
8
8
8
8
8
8
8
8
8
8
8
8
8
8
8
8
8
é
8
8
8
âé
8
8
í
8
8
8
8
8
8
8
8
8
8
8
8
8
8
8
8
8
8
8
8
8
8
8
2055
8
8
8
20
8
8
8
8
8
8
8
8
8
8
8
8
8
8
40
8
8
8
8
8
8
8
8
8
8
8
8
8
8
8
8
8
é
é
é
8
8
8
8
39
40
8
8
8
8
8
8
8
8
8
8
8
8
8
8
8
8
8
8
8
8
8
8
8
8
8
8
8
8
8
8
8
8
8
8
8
8
8
8
8
8
8
8
8
8
8
8
8
8
8
8
8
8
100
000
8
8
8
8
8
é
é
8
8
8
8
8
8
8
8
é
8
8
8
8
8
é
8
8
8
8
8
8
8
8
8
8
8
8
8
8
8
8
8
8
8
8
8
8
8
8
8
8
8
8
8
8
8
8
8
8
8
8
8
8
8
8
8
8
8
8
8
8
8
8
8
8
8
8
8
8
8
8
8
é
8
8
8
8
8
8
8
8
8
8
8
8
8
8
8
8
8
8
8
8
8
é
8
8
8
8
8
8
8
8
8
8
8
8
8
8
8
8
8
8
8
8
8
8
8
8
8
8
8
8
8
8
8
8
8
8
8
8
8
8
8
8
8
8
8
8
8
8
8
8
8
8
8
8
8
20
8
8
1940
8
8
8
8
8
8
éé
40
20
100
8
8
8
é
45
8
8
é
8
8
8
8
8
8
8
8
8
8
8
8
8
8
8
8
8
8
8
8
8
8
8
8
8
8
8
8
8
100
000
8
8
8
8
15
8
8
8
8
8
8
8
8
8
8
8
8
8
8
8
8
8
8
8
8
8
8
8
8
8
8
8
8
8
8
8
8
8
8
8
8
8
8
30
8
8
8
8
8
8
8
8
8
8
8
8
8
8
8
8
8
8
8
8
8
8
8
8
8
8
8
1920
í
8
8
8
8
8
8
8
8
8
8
8
é
8
âé
8
8
8
8
1956
é
8
8
100
8
8
8
8
8
8
8
8
8
8
8
8
8
8
8
8
8
8
8
8
8
8
8
8
8
8
8
8
8
8
8
100
000
8
8
8
15
8
8
8
8
8
8
8
8
8
8
8
8
8
8
8
8
8
8
8
7
13
11
8
8
8
8
8
8
8
8
8
8
8
8
8
8
8
8
8
15
8
8
8
8
8
8
8
8
8
8
8
8
8
8
8
8
000
8
8
8
8
8
8
8
8
8
8
8
8
8
8
8
8
8
8
8
8
8
é
8
8
8
8
8
8
8
8
8
8
8
8
8
8
8
8
8
100
000
8
8
8
8
8
8
22
8
8
8
8
8
é
8
8
8
8
100
000
8
8
8
1956
12
12
13
8
8
8
8
8
8
8
8
8
8
8
8
8
8
8
1
000
8
8
8
8
8
8
8
8
8
8
á
í
26
8
8
8
8
8
8
8
8
98
8
8
8
8
8
8
5
000
100
000
8
8
8
8
8
8
8
29
8
8
8
8
22
8
8
8
8
8
37
8
8
24
8
28
8
23
8
6
8
28
8
8
46
8
8
8
8
8
8
8
8
8
8
8
8
8
8
8
8
8
8
8
8
8
8
8
8
8
8
8
8
8
8
8
8
8
8
8
8
8
8
8
8
8
8
8
8
é
8
8
8
8
8
8
8
8
8
8
8
400
8
8
8
8
8
8
55
8
8
8
8
8
8
8
8
8
8
8
8
8
8
8
8
8
8
8
8
90
8
8
8
8
8
8
8
8
8
é
8
8
8
8
8
8
50
8
8
8
8
8
53
8
8
8
8
8
8
8
8
8
8
8
8
8
8
8
8
8
8
8
8
8
8
8
8
8
8
8
8
8
8
8
8
8
8
8
8
8
8
100
000
8
8
8
500
8
8
8
8
8
4
8
8
8
8
8
8
8
8
8
8
8
8
8
8
8
8
8
8
8
8
8
8
8
8
8
8
8
8
8
8
8
8
8
8
8
8
8
8
8
8
8
1986
8
8
8
8
8
8
15
8
8
8
8
8
8
8
8
8
8
8
8
100
8
100
000
20
8
8
8
30
é
8
14
8
8
8
8
8
8
8
8
8
8
8
54
8
8
8
8
8
8
8
8
8
8
8
8
16
15
8
8
8
8
8
8
8
8
8
8
54
8
é
8
8
8
à
8
8
8
8
8
8
8
8
é
8
8
8
8
8
