13
13
1
000
35
é
75
30
30
120
30
13
12
12
20
34
25
29
25
26
26
29
6
2
11
30
23
27
36
100
75
000
75
000
13
12
100
50
25
45
22
23
23
5
75
000
3
4
36
16
15
100
350
75
000
75
000
98
12
2
000
75
000
100
300
100
3
100
150
1950
60
15
75
000
75
000
75
000
100
75
12
12
5
2
99
36
20
12
14
20
27
21
18
31
29
6
7
7
2
17
200
000
19
26
16
27
37
42
34
20
40
1
95
26
30
12
3
30
45
12
75
000
40
93
25
75
000
100
6
15
10
5
75
000
75
000
80
90
85
000
350
2
500
100
75
000
3
70
14
75
000
75
000
20
80
80
1940
40
40
70
80
1800
70
54
60
60
60
80
3
60
70
40
40
40
75
000
87
é
100
75
000
110
2
000
75
000
éà
20
6
934
60
4
100
1
19
95
19
95
1
1
5
00
2
1
2
75
000
75
000
2011
5
00
5
00
5
00
1984
80
1930
5
00
75
000
75
000
80
12
20
100
20
6
16
75
000
34
34
34
ñ
101
75
000
14
29
23
23
27
32
15
26
19
19
2
2
1982
100
100
3
4
20
28
12
75
000
180
800
40
40
é
14
30
110
120
75
000
30
30
60
30
100
30
ñ
1920
1950
50
90210
