25
25
12
29
27
9
10
10
10
10
26
100
000
9
6
2016
2010
2010
2009
20
14
14
9
10
10
100
000
80
95
400
9
100
000
11
10
100
12
75
2
000
100
000
52
9
10
52
52
52
52
52
50
éà
100
20
52
52
52
100
000
9
3
35
9021
9
2
10
10
10
18
51
9021
110
5
00
100
000
34
1
000
16
15
1
000
1
000
1
000
éà
10
2
000
9
100
000
1993
93
9021
9021
90210
90210
90210
50
9021
9021
16
18
í
9021
9021
93
9021
23
9021
90210
2
000
100
000
9
9
30
40
30
40
90
90
300
000
500
000
300
000
500
000
22
22
94
94
94
94
2004
2004
5
000
5
000
100
000
20
500
50
1986
100
000
2
4
1940
10
10
10
100
2
000
100
000
8
204
100
7
300
6
00
200
8
00
8
00
19
13
100
1
000
99
90
14
100
000
204
15
2
000
15
1980
4
00
1
000
é
é
9021
200
100
000
ñ
ú
12
30
3
4
5
6
7
8
1
90
22
9
33
9
25
23
70
9
26
9
28
9
2
2
4
9
37
9
29
60
20
9
27
9
31
60
9
