25
000
10
00
15
1972
30
30
99
30
16
21
21
25
000
40
12
12
57
33
12
24
12
12
51
3
4
é
é
é
é
40
50
20
20
60
é
10
00
é
é
é
é
12
15
25
25
28
25
1
4
21
14
30
21
12
25
000
3
2
1
22
100
12
13
2000
25
000
30
12
13
25
000
100
30
30
3
1
2
100
60
5
5
2
20
20
810
2
1
2
2010
é
1
500
12
1
1
30
300
7
300
25
000
30
30
80
11
100
15
100
1
000
25
000
ñ
é
14
30
30
14
é
25
000
30
30
é
30
22
14
36
36
16
16
ñ
25
000
80
15
80
80
84
80
80
é
80
80
80
88
100
80
70
80
80
80
2010
80
80
80
12
5
00
0
37
12
è
è
é
é
20
4
000
25
000
15
15
é
25
000
9
45
5
98
6
00
10
99
2
98
4
50
5
85
5
59
2
98
4
00
3
75
6
98
225
01
390
395
1
283
90
é
é
2010
é
é
é
2010
é
é
é
é
é
é
é
é
1999
5
20
20
1
000
