100
000
20
24
100
000
30
20
2012
22
75
100
é
100
100
5
000
20
000
100
000
4
30
30
16
1988
40
50
100
000
20
30
30
80
80
34
80
80
80
80
100
80
40
6
é
24
2
2
3
29
26
21
30
25
29
36
23
25
32
21
40
29
39
100
000
100
000
2012
13
13
13
2012
300
300
100
000
100
000
18
2007
15
15
350
90
100
000
12
4
é
100
100
95
95
100
6
6
100
000
20
100
000
100
000
100
000
100
000
é
20
100
000
100
18
40
16
1
000
80
100
000
20
5
00
3
000
100
000
20
100
000
100
000
é
é
é
é
é
é
é
é
é
16
é
60
87
é
é
é
4
30
é
90
25
000
é
é
é
é
é
é
100
000
100
000
20
100
000
100
50
60
101
5
1
2
100
000
21
21
41
31
32
5
69
4
21
227
40
é
à
1240
69
20
100
000
400
1950
80
1972
25
18
25
25
23
23
25
21
25
40
18
2012
20
é
90
13
4
2011
40
26
80
11
12
100
000
100
000
100
000
30
21
41
2012
1969
69
29
20
70
16
ñ
70
8
110
