49
40
50
60
1970
80
90
1989
27
9
100
000
550
80
100
000
2
0
100
000
14
27
28
25
21
32
24
39
26
27
28
25
27
24
13
13
37
100
000
100
000
90210
21
70
70
70
49
21
21
21
100
49
49
13
100
000
15
17
49
5
11
1
100
000
100
000
100
000
100
3012
3
49
100
49
âé
100
000
80
80
80
é
5
20
80
50
001
16
16
47
70
16
70
100
000
100
000
100
000
1
1
2
100
60
40
20
80
80
80
49
14
80
16
27
100
000
100
000
100
000
9
0
2
1
100
49
1
000
2
5
6
7
24
52
14
13
70
70
16
27
1
000
6
14
20
100
000
18
30
40
50
30
100
000
100
000
16
15
16
16
1916
16
70
100
000
100
000
16
16
16
16
16
16
16
80
16
80
16
16
16
47
16
16
16
80
16
16
70
16
100
000
100
000
15
30
49
30
100
10
102
49
49
50
100
000
21
60
28
28
”
90
90
”
21
5
90
”
21
100
000
18
22
100
5
67
80
90
60
49
37
67
25
100
000
18
18
ñ
48
ñ
49
100
000
9
14
10
18
6
22
6
9
11
21
2
5
17
8
6
7
15
7
45
51
2013
100
80
