80
21
13
100
000
9
8
20
4
20
5
14
27
7
100
000
7
3
3
100
000
10
3
7
66
5
4
3
2
7
13
1995
30
30
30
87
31
6
66
7
1949
10
6
6
é
3
3
100
000
14
30
51
30
4
30
6
30
51
7
6
5
100
000
3
6
6
5
4
3
2
26
000
1
4
4
2
1
30
3
3
2
1
7
10
5
3
4
4
3
2
1
3
5
5
4
3
5
8
2
1
10
5
3
10
10
9
8
7
6
3
5
4
3
2
1
12
5
5
4
3
2
33
1
5
3
5
5
4
3
2
1
3
3
2
1
9
3
3
22
100
000
1
2
3
4
1
2
3
4
5
6
7
8
1
2
3
4
5
6
7
8
1972
5
6
7
8
5
6
7
1
2
3
4
5
6
7
8
1
2
3
4
5
6
7
8
1
2
3
4
5
6
7
8
100
000
10
10
7
100
000
25
23
23
2012
100
000
4
110
3
4
411
57
5
10
000
9
8
100
000
100
000
6
6
8
6
9
10
6
35
35
6
7
17
100
000
3
2
3
4
100
5
3
10
3
3
100
100
000
730
3
4
13
4
1
6
94
6
9
5
3
100
000
5
3
14
5
1
50
50
3
3
3
3
100
000
3
3
3
5
3
5
5
4
3
90
6
3
100
000
4
4
14
14
23
31
23
6
24
24
37
40
7
1
2
3
4
5
6
7
7
7
7
7
7
100
000
6
6
1
2
3
3
2
1
1
2
3
21
22
21
17
7
7
17
13
6
7
28
100
000
2004
411
7
6
6
6
3
54
1
2
3
1
2
3
1
2
3
3
17
2
3
25
6
3
3
100
3
3
3
3
4
3
100
000
6
2
500
3
3
100
000
2
1
2
18
3
18
3
3
100
000
3
60
100
000
30
7
100
000
37
22
26
25
28
31
24
7
7
4
51
15
1968
5
54
1993
15
1976
2
500
10
6
6
6
7
6
100
000
6
15
10
15
5
12
6
